6006839460003	0.5213368639557316
39926603	0.49873344763896316
39926603	0.09096055661738131
39926603	1.1144053417653652
39926603	0.5686346000087569
39926603	0.519476027868776
39926603	0.39212543661432275
39926603	0.8682078356621874
39926603	0.7846014483056066
39926603	0.08462773695205927
39926603	1.4483565880240281
39926603	4.918593345294626
39926603	0.0182277425096352
39926603	0.8881498802357606
39926603	0.08175880106780223
39926603	0.8338439133877789
39926603	0.8338439133877789
39926603	1.4695948110062889
39926603	0.7953055817591836
39926603	2.062624772393488
39926603	1.7465569722154937
39926603	0.02389964636454056
39926603	3.422448512810209
39926603	0.704448174533025
39926603	1.3062594136851038
39926603	0.0967260042703213
39926603	1.7570858005444177
39926603	1.4468595041322316
39926603	0.37728035062962934
39926603	0.08914963044497859
39926603	1.0636823318711894
39926603	2.0361589003043576
39926603	0.7434203753204255
39926603	1.2835288826564513
39926603	0.09714297097595477
39926603	1.0414212685824216
39926603	0.7649679835770211
39926603	1.3573132187756023
39926603	0.05738597139705853
39926603	2.5418368323589036
39926603	2.096524934992738
39926603	1.2830891354887577
39926603	1.120255956366988
39926603	0.9530730477246273
39926603	0.5202660751074334
39926603	0.16666666666666666
39926603	1.4600646974106102
6006839590008	1.3775920951675846
6006839590008	0.28921495605541486
6006839590008	1.0941189072609423
6006839590008	1.4612461836021657
6006839590008	0.8313636363636365
6006839590008	0.5590758964163506
6006839590008	0.9430446367926887
6006839590008	0.8002080246055625
6006839590008	1.1139769205673227
6006839590008	0.7636861313868614
6006839590008	0.9071775856956894
6006839590008	0.5254580078787792
6006839590008	1.754664474872006
6006839590008	2.0884525442027844
6006839590008	0.30525565200568144
6006839590008	1.655140069145735
6006839590008	3.227676999575738
6006839590008	0.8847505260343405
6006840060008	0.15546633084204417
6006840060008	1.13103097792416
6006840060008	0.3772350223266988
6006840060008	0.13651263046513443
6006840060008	1.4995274124984637
6006840060008	0.8845764894278277
6006840060008	0.6042114289964974
6006840060008	0.7453674896274781
6006840060008	0.47324424271404397
6006840060008	1.4868903886583287
6006840060008	1.8392769619430516
6006840060008	0.17761979244252446
6006840060008	1.8269113161161892
6006840060008	0.8211668832651511
6006840060008	1.5713342267920227
6006840060008	0.3313622078124169
6006840060008	2.911032989537495
6006840060008	0.734682254797008
6006840060008	0.4889910931861749
6006840060008	0.2088382075858648
6006840060008	1.0767062947873343
6006840060008	1.0944991489415932
6006840060008	1.3438146654700176
6006840060008	1.104379033752242
6006840060008	2.7915093450618347
6006840060008	0.08996531645023091
6006840060008	6.635768100311709
6006840060008	0.9385915745526742
6006840060008	0.7907281462322724
6006840060008	0.5343249918947455
6006840060008	0.6668374814069745
6006840060008	4.075057816914706
6006840060008	0.22272012561620808
6006840060008	0.07928324834496923
6006840060008	1.5840937895434506
6006840060008	1.0582447925715912
6006840060008	0.7775294788077705
6006840060008	1.2136209624410341
6006840060008	0.25395883411509534
6006840060008	1.4489538599587648
6006840060008	0.7151207594526304
6006840060008	3.02331801495979
6006840060008	1.4801407595405507
6006840060008	1.0855323098132197
6006840060008	0.2241704142949046
6006840060008	0.6264156160141562
6006840060008	0.2759849430376304
6006840060008	0.047756897022808026
6006840060008	0.8664114648393535
6006840060008	2.674164042995716
6006840060008	0.924012687554869
6006840060008	0.9210581348301942
6006840060008	0.5529725602339929
6006840060008	0.184017855210192
6006840060008	0.9958139176060287
6006840060008	0.31177876714655617
6006840060008	0.5511267173915013
6006840060008	1.6226074593357176
6006840060008	0.27278212975099997
6006840060008	1.3028385899814472
6006840060008	2.946301003906217
6006840060008	0.6810359470965811
6006840060008	1.0807412720825522
6006840060008	0.8628980423560397
6006840060008	0.12041528949139696
6006840060008	1.1119488416182672
6006840060008	0.40174687418966215
6006840060008	0.7029516859485241
6006840060008	0.004259061290727721
6006840060008	0.44188736939111145
6006840060008	0.6036495972289891
6006840060008	0.9666024986879603
6006840060008	0.5542560399353371
6006840060008	1.9201329487273118
6006840060008	0.4205916446859077
6006840060008	0.2398616858725121
6006840060008	0.4870592607144132
6006840060008	2.104578430880924
6006840060008	0.4814386811929062
6006840060008	1.9787325586582574
6006840060008	1.6238927133652312
6006840060008	0.7599079834497371
6006840060008	1.0367120026427665
6006840060008	0.7599079834497371
6006840060008	1.0367120026427665
6006840060008	0.7599079834497371
6006840060008	1.0367120026427665
6006840060008	1.650411265949788
6006840060008	1.0367120026427665
6006840060008	0.27622750473980057
6006840060008	1.140248393764706
6006840060008	0.22673306327792744
6006840060008	2.771433390511899
6006840060008	0.18325432664469543
6006840060008	1.1210304772227278
6006840060008	0.47748777566217027
6006840060008	1.0182918839732362
6006840060008	3.3249697615863014
6006840060008	0.5011389038719287
6006840060008	1.2016998258554386
6006840060008	0.8590748937998732
6006840060008	1.1923508469957487
6006840060008	0.2302137403904992
6006840060008	1.1467177882672301
6006840060008	0.5590520074929501
6006840060008	0.6398559919461563
6006840060008	0.828545954636788
6006840060008	2.2272822971258845
6006840060008	2.1309714624980503
6006840060008	1.6770371201996561
6006840060008	1.0138003255752452
6006840060008	3.428827675539873
6006840060008	2.307701416638509
6006840060008	1.6019000428367258
6006840060008	0.6937632198238539
6006840060008	1.0888154269972452
6006840060008	0.009907755864009826
6006840060008	0.18900367604116813
6006840060008	0.7053109288695834
6006840060008	1.054035250463822
6006840060008	0.46102254942961074
6006840060008	1.2545615035263182
6006840060008	1.4582379199474182
6006840060008	1.5473665124076166
6006840060008	1.1955695547401306
6006840060008	0.0563895676162311
6006840060008	0.6904630516516074
6006840060008	0.1907038923741577
6006840060008	0.37295623438374137
6006840060008	2.7427090004093198
6006840060008	0.04081632653061221
6006840060008	0.17435032134939285
6006840060008	1.4405838138266869
6006840060008	0.5076784358351332
6006840060008	0.7409388358821043
6006840060008	0.22258252022013142
6006840060008	0.6667780709922091
6006840060008	0.23549409968723486
6006840060008	0.8178904996020342
6006840060008	0.8052254278287805
6006840060008	1.7973324001067994
6006840060008	0.22171189820059287
6006840060008	1.366935636100362
6006840060008	0.6068999134854081
6006840060008	2.372416371829637
6006840060008	0.23549409968723486
6006840060008	0.8178904996020342
6006840060008	0.8052254278287805
6006840060008	1.7973324001067994
6006840060008	0.22171189820059287
6006840060008	1.366935636100362
6006840060008	0.6068999134854081
6006840060008	1.296065318182257
6006840060008	2.080720856060346
6006840060008	1.7631159355477273
6006840060008	2.476916873961132
6006840060008	0.7212030916324521
6006840060008	0.5126664513621524
6006840060008	0.20832202732049537
6006840060008	1.266599113134257
6006840060008	0.636409514638671
6006840060008	0.46638746666867437
6006840060008	1.5974536902311216
6006840060008	0.2901323093719662
6006840060008	0.75
6006840060008	0.03338792831316206
6006840060008	0.32046277865594375
6006840060008	0.9149832123467438
6006840060008	0.21324161607325398
6006840060008	0.05020802460556254
6006840060008	0.8587971669724579
6006840060008	0.1450509010760937
6006840060008	2.2582414720111617
6006840060008	0.48476100023134894
6006840060008	0.7706256851299292
6006840060008	0.6902798053527982
6006840060008	2.0596060704954158
6006840060008	1.6047763147710457
6006840060008	0.9268147460086411
6006840060008	0.8152448828442477
6006840060008	0.5438193642417527
6006840060008	0.5030794601140943
6006840060008	2.094017326315655
6006840060008	0.22727272727272727
6006840060008	2.9993400561680277
6006840060008	1.7384838404818852
6006840060008	0.02973495205736479
6006840060008	2.6225576667117485
6006840060008	0.1637060746332734
6006840060008	1.0152677765664884
6006840060008	0.6739160032836667
6006840060008	0.9059084923630407
6006840060008	1.0605636247380634
6006840060008	1.4543004275287783
6006840060008	1.5398902681381703
6006840060008	0.903527645398913
6006840060008	4.529109409034587
6006840060008	0.6795557371121663
6006840060008	1.2949520136448687
6006840060008	0.22555188928747044
6006840060008	0.19130170316301703
6006840060008	0.18852045798117376
6006840060008	0.6111388384393774
6006840060008	0.18852045798117376
6006840060008	0.6111388384393774
6006840060008	1.2045115837962337
6006840060008	0.5487883946266181
6006840060008	0.1875093870695182
6006840060008	0.9322211290100803
6006840060008	0.7170965531571872
6006840060008	0.10382262814145238
6006840060008	0.883911958148552
6006840060008	0.7479901051329623
6006840060008	0.4571079398007874
6006840060008	0.31945174905407214
6006840060008	2.5211382139765983
6006840060008	2.405714822443774
6006840060008	1.2132522709187443
6006840060008	0.39479897019711885
6006840060008	2.8081155065028347
6006840060008	0.710303318172599
6006840060008	0.6524308328441408
6006840060008	2.3417940508139616
6006840060008	0.8787071442599859
6006840060008	0.2867000584695474
6006840060008	0.41689665535958614
6006840060008	1.244141368174956
6006840060008	2.9669960002843747
6006840060008	0.37770947578509245
6006840060008	0.32707394270222917
6006840060008	1.1995533298647865
6006840060008	1.024286846217713
6006840060008	0.05764666969520507
6006840060008	1.4196895216544354
6006840060008	0.544802087531826
6006840060008	0.21604851660461344
6006840060008	1.5472530249198555
6006840060008	1.5510078067197617
6006840060008	0.9677716947025616
6006840060008	1.379931362004049
6006840060008	0.4257173778602351
6006840060008	2.119755433505487
6006840060008	2.63473972442386
6006840060008	0.5354841352599434
6006840060008	1.4196895216544354
6006840060008	0.544802087531826
6006840060008	0.21604851660461344
6006840060008	1.5472530249198555
6006840060008	1.5510078067197617
6006840060008	0.9677716947025616
6006840060008	1.379931362004049
6006840060008	0.4257173778602351
6006840060008	2.119755433505487
6006840060008	2.63473972442386
6006840060008	0.7047660740652907
6006840060008	0.21155915245593437
6006840060008	1.713418812634908
6006840060008	0.8693537414965988
6006840060008	0.29924668635886736
6006840060008	0.07813590471418355
6006840060008	1.8653133358600205
6006840060008	1.3088870175377376
6006840060008	0.6254841352599434
6006840060008	1.4196895216544354
6006840060008	0.544802087531826
6006840060008	0.21604851660461344
6006840060008	1.5472530249198555
6006840060008	1.5510078067197617
6006840060008	0.9677716947025616
6006840060008	1.379931362004049
6006840060008	0.4257173778602351
6006840060008	2.119755433505487
6006840060008	2.63473972442386
6006840060008	0.6254841352599434
6006840060008	0.21155915245593437
6006840060008	1.713418812634908
6006840060008	0.8693537414965988
6006840060008	0.29924668635886736
6006840060008	0.07813590471418355
6006840060008	1.8653133358600205
6006840060008	1.3088870175377376
6006840060008	0.30392589118136026
6006840060008	0.825739553512269
6006840060008	0.6254841352599434
6006840060008	0.683074725005592
6006840060008	0.7823388211634382
6006840060008	0.6492936590694672
6006840060008	1.4196895216544354
6006840060008	0.544802087531826
6006840060008	0.21604851660461344
6006840060008	1.5472530249198555
6006840060008	1.5510078067197617
6006840060008	0.9677716947025616
6006840060008	1.379931362004049
6006840060008	0.4257173778602351
6006840060008	2.119755433505487
6006840060008	2.63473972442386
6006840060008	0.49545005325471925
6006840060008	0.683074725005592
6006840060008	0.7823388211634382
6006840060008	0.7498180479094524
6006840060008	1.8658178048157898
6006840060008	0.7498180479094524
6006840060008	1.8658178048157898
6006840060008	1.771225633134403
6006840060008	0.10765304359254704
6006840060008	1.1257458929010022
6006840060008	0.46543072453227485
6006840060008	1.5716226522223742
6006840060008	1.285494529478001
6006840060008	1.4315262116967338
6006840060008	0.3824906307981856
6006840060008	0.1709183673469388
6006840060008	1.0715575823106838
6006840060008	0.7677167977166022
6006840060008	0.571876837690904
6006840060008	0.8566846164749244
6006840060008	0.5801244892599816
6006840060008	1.8864257584104267
6006840060008	2.7469881595625014
6006840060008	0.8397003801209655
6006840060008	0.9204550951302986
6006840060008	1.5277966799755829
6006840060008	1.875265398771819
6006840060008	1.3420965531571871
6006840060008	0.7353782110305023
6006840060008	0.6146924254493988
6006840060008	0.7112331177782248
6006840060008	1.2621032509856374
6006840060008	1.767181202934019
6006840060008	0.21808385936767377
6006840060008	1.443765109349525
6006840060008	1.0531325550604824
6006840060008	0.8872315511855857
6006840060008	0.9922519567541687
6006840060008	0.34918439900883774
6006840060008	0.93181087374963
6006840060008	1.125504853818461
6006840060008	3.2305796756147447
6006840060008	0.6262873375719137
6006840060008	0.7548295592801806
6006840060008	0.4007591188687075
6006840060008	0.6899474347986563
6006840060008	1.3350072077696793
6006840060008	0.48989987545535313
6006840060008	0.21289786582463738
6006840060008	0.7738879251591316
6006840060008	0.09390809533141549
6006840060008	1.3156646759566468
6006840060008	1.6277326425522363
6006840060008	0.5155965403796747
6006840060008	0.9917729438712117
6006840060008	0.6366666666666667
6006840060008	0.36895635282677974
6006840060008	0.9676818495368859
6006840060008	1.3331701865918257
6006840060008	0.042001574414087556
6006840060008	1.1226136714871957
6006840060008	1.2890644722941271
6006840060008	0.5380820963826067
6006840060008	0.36961410584552634
6006840060008	0.30938933215614606
6006840060008	0.388461481025441
6006840060008	0.20970096329135093
6006840060008	1.7482028429913916
6006840060008	0.038931290351591735
6006840060008	0.6476955202663802
6006840060008	1.0204088820177384
6006840060008	2.3613462259122833
6006840060008	1.8070548481784907
6006840060008	0.5840926562208559
6006840060008	0.6230938476469057
6006840060008	0.545001835605079
6006840060008	0.7142311661907649
6006840060008	0.12308890431176436
6006840060008	1.7425750273483356
6006840060008	1.6352457474464996
6006840060008	0.8598484848484849
6006840060008	1.318872259696659
6006840060008	0.8714755264554486
6006840060008	2.3390545020597706
6006840060008	1.721342337543749
6006840060008	1.6172236180634976
6006840060008	0.2132608361052048
6006840060008	0.6276796569221093
6006840060008	2.649141857342161
6006840060008	1.738252201241116
6006840060008	0.507030116522613
6006840060008	0.1966253443526171
6006840060008	1.1246969696969698
6006840060008	0.9693156795181957
6006840060008	0.4987153653420443
6006840060008	0.9381589725134412
6006840060008	1.051628680669348
6006840060008	1.4940125383552134
6006840060008	1.803553604416938
6006840060008	1.244426330214555
6006840060008	1.1120232533070677
6006840060008	3.291037669863367
6006840060008	3.118432872183056
6006840060008	1.4061188527935906
6006840060008	2.6626852434823327
6006840060008	0.8575713878965255
6006840060008	1.186837289168929
6006840060008	1.186837289168929
6006840060008	1.2583690357964838
6006840060008	0.7327690808831316
6006840060008	1.2228318526949233
6006840060008	0.8612640407486581
6006840060008	2.076801576009802
6006840060008	0.4108880778588807
6006840060008	1.4901268561874903
6006840060008	0.5019663801161861
6006840060008	0.046893513993940664
6006840060008	0.4108880778588807
6006840060008	1.4901268561874903
6006840060008	0.17085587884201991
6006840060008	0.17085587884201991
6006840060008	0.17085587884201991
6006840060008	0.09768522961857312
6006840060008	1.355573251935595
6006840060008	2.703064061206069
6006840060008	0.09768522961857312
6006840060008	1.355573251935595
6006840060008	2.703064061206069
6006840060008	0.09768522961857312
6006840060008	1.355573251935595
6006840060008	2.703064061206069
6006840060008	0.09768522961857312
6006840060008	1.355573251935595
6006840060008	0.8174079112704835
6006840060008	0.5562445303471362
6006840060008	2.497039939332616
6006840060008	0.4661630375325927
6006840060008	0.7756565955584594
6006840060008	0.8174079112704835
6006840060008	0.5562445303471362
6006840060008	2.497039939332616
6006840060008	0.4661630375325927
6006840060008	0.7756565955584594
6006840060008	0.8174079112704835
6006840060008	0.5562445303471362
6006840060008	2.497039939332616
6006840060008	0.4661630375325927
6006840060008	0.7756565955584594
6006840060008	0.8174079112704835
6006840060008	0.5562445303471362
6006840060008	2.497039939332616
6006840060008	0.4661630375325927
6006840060008	0.7756565955584594
6006840060008	0.8174079112704835
6006840060008	0.5562445303471362
6006840060008	2.497039939332616
6006840060008	0.4661630375325927
6006840060008	0.7756565955584594
6006840060008	0.8174079112704835
6006840060008	0.5562445303471362
6006840060008	2.497039939332616
6006840060008	0.4661630375325927
6006840060008	0.7756565955584594
6006840060008	0.8174079112704835
6006840060008	0.5562445303471362
6006840060008	2.497039939332616
6006840060008	0.4661630375325927
6006840060008	0.7756565955584594
6006840060008	0.8174079112704835
6006840060008	0.5562445303471362
6006840060008	2.497039939332616
6006840060008	0.4661630375325927
6006840060008	0.7756565955584594
6006840060008	0.650646028777661
6006840060008	0.6075110132075234
6006840060008	2.289797784196081
6006840060008	0.4312564194027905
6006840060008	0.3854267219534756
6006840060008	1.2567789335142125
6006840060008	0.8676472174142219
6006840060008	0.5807066362645075
6006840060008	1.0009575013035747
6006840060008	0.06000000000000001
6006840060008	1.0409184406216756
6006840060008	0.5223550629459358
6006840060008	1.0767451017733634
6006840060008	1.3588761439617099
6006840060008	1.168080300558328
6006840060008	1.8105359311054603
6006840060008	1.872139764996908
6006840060008	0.5714063830829946
6006840060008	1.4794257954047707
6006840060008	0.04581627764515961
6006840060008	1.0185390626740167
6006840060008	0.6138540877957802
6006840060008	0.35442155504825834
6006840060008	1.857210348708957
6006840060008	0.3451943832391605
6006840060008	1.2156200146863538
6006840060008	0.7986630772744808
6006840060008	0.017183335671202133
6006840060008	1.0698355020873735
6006840060008	0.03931607420312719
6006840060008	0.289135331066198
6006840060008	0.6849635169425277
6006840060008	1.0227272727272727
6006840060008	0.04514527035172844
6006840060008	0.02090966632191396
6006840060008	1.114825175286269
6006840060008	1.2215688012116455
6006840060008	1.6334616254659637
6006840060008	2.692631708811934
6006840060008	1.0041608820560757
6006840060008	2.4231163901525266
6006840060008	1.1662853302329486
6006840060008	0.054421768707483
6006840060008	1.6064529731619968
6006840060008	0.32787485121323223
6006840060008	0.6821443564389085
6006840060008	0.8984315098015319
6006840060008	1.7175909946954115
6006840060008	0.015202456725482538
6006840060008	0.2333067650121243
6006840060008	1.1727939435332706
6006840060008	1.703446463306701
6006840060008	0.6659348885782231
6006840060008	0.18384374478689997
6006840060008	0.05664746363114448
6006840060008	0.9205251927423463
6006840060008	2.094455433790805
6006840060008	0.11965349577983474
6006840060008	0.6334565395182098
6006840060008	0.07839043737806664
6006840060008	0.36561313882790963
6006840060008	0.38383680060275477
6006840060008	1.0247212510299508
6006840060008	0.7082974468039733
6006840060008	2.094455433790805
6006840060008	0.11965349577983474
6006840060008	0.6334565395182098
6006840060008	0.07839043737806664
6006840060008	0.36561313882790963
6006840060008	0.38383680060275477
6006840060008	1.0247212510299508
6006840060008	0.7082974468039733
6006840060008	0.6597836869890807
6006840060008	0.6064471243042672
6006840060008	0.46756628575173037
6006840060008	1.3197330210301912
6006840060008	0.6064471243042672
6006840060008	0.46756628575173037
6006840060008	1.3197330210301912
6006840060008	0.6064471243042672
6006840060008	0.46756628575173037
6006840060008	1.3197330210301912
6006840060008	0.046598401216855184
6006840060008	3.275950949003895
6006840060008	1.1670922710610427
6006840060008	1.5639901042960636
6006840060008	2.4472516286651054
6006840060008	2.790623591206929
6006840060008	1.3893441061620944
6006840060008	1.329837543371751
6006840060008	0.14585814714999384
6006840060008	0.30421776527839933
6006840060008	0.17691207503677026
6006840060008	0.5458323868131989
6006840060008	0.547687074829932
6006840060008	1.049864700915243
6006840060008	3.3884473250221334
6006840060008	0.30700667073387994
6006840060008	1.3430149889855205
6006840060008	3.6059372047621787
6006840060008	3.8622534840166045
6006840060008	0.7448838930876598
6006840060008	0.31637675490849665
6006840060008	3.2843333121977256
6006840060008	0.8303885641764709
6006840060008	0.2685019139434683
6006840060008	0.4905228505993704
6006840060008	1.1202745024928749
6006840060008	0.47467231073294475
6006840060008	0.18693714257052998
6006840060008	1.1202745024928749
6006840060008	0.47467231073294475
6006840060008	0.18693714257052998
6006840060008	1.1202745024928749
6006840060008	0.47467231073294475
6006840060008	0.18693714257052998
6006840060008	0.38953698114075685
6006840060008	1.2636861313868613
6006840060008	2.0250102950588134
6006840060008	1.1741261149410855
6006840060008	0.44447572870011504
6006840060008	0.04455744263176589
6006840060008	1.7676543279629189
6006840060008	0.5852148736684829
6006840060008	1.279223738766958
6006840060008	3.1257450627130177
6006840060008	0.775560239715738
6006840060008	0.35900499320982104
6006840060008	0.7325625198965269
6006840060008	0.6386840505904319
6006840060008	0.9828303077179514
6006840060008	0.7921842281680872
6006840060008	1.1178400933842287
6006840060008	0.991133382860044
6006840060008	1.0334534851702346
6006840060008	1.1457433376127484
6006840060008	0.9475051687421704
6006840060008	0.5833333333333335
6006840060008	1.395725065071626
6006840060008	0.4868664314668699
6006840060008	0.7816617611044291
6006840060008	0.17975742186035143
6006840060008	0.041419204507268104
6006840060008	1.4710032600319491
6006840060008	2.041130182541503
6006840060008	1.3252832066436122
6006840060008	0.33587099246261265
6006840060008	1.3619098698336474
6006840060008	1.8014882469360942
6006840060008	0.7781766867242379
6006840060008	3.0503358768307414
6006840060008	0.4328231292517007
6006840060008	0.09128020433749116
6006840060008	0.1344734672538256
6006840060008	0.8909189488784722
6006840060008	0.20814705695286018
6006840060008	0.7055138175768528
6006840060008	0.3792921292212413
6006840060008	0.08804885590599877
6006840060008	1.1202370185363226
6006840060008	2.21228864164052
6006840060008	0.35442152266286864
6006840060008	0.8244388996474503
6006840060008	0.9514000182307211
6006840060008	1.1555823926665605
6006840060008	1.0296979957756582
6006840060008	1.8145789996439348
6006840060008	0.09971876088587141
6006840060008	0.7514528161508918
6006840060008	0.284111095805573
6006840060008	0.21240680161748188
6006840060008	0.01224618721160152
6006840060008	0.36784896288970226
6006840060008	0.8333314250181056
6006840060008	2.4587012030719113
6006840060008	0.4986538894235155
6006840060008	1.105591582392715
6006840060008	0.23489650806557635
6006840060008	0.7682539273948847
6006840060008	0.619552160186624
6006840060008	0.6326971343835149
6006840060008	0.764356841157838
6006840060008	0.04340523415694891
6006840060008	0.4986538894235155
6006840060008	1.105591582392715
6006840060008	0.23489650806557635
6006840060008	0.7682539273948847
6006840060008	0.619552160186624
6006840060008	0.6326971343835149
6006840060008	0.764356841157838
6006840060008	0.6629102746187332
6006840060008	0.5870408163265308
6006840060008	0.5733059476165634
6006840060008	0.16762873884240867
6006840060008	0.6818181818181819
6006840060008	0.30229939676477047
6006840060008	1.6116628579968408
6006840060008	0.43020532740034545
6006840060008	0.7653456116680376
6006840060008	2.028299781096056
6006840060008	0.15245599047642833
6006840060008	0.40998995602340477
6006840060008	3.269822647549636
6006840060008	1.077777849511836
6006840060008	1.0425392235306536
6006840060008	0.36243396491038565
6006840060008	0.8372109216982274
6006840060008	0.22505537746791837
6006840060008	0.8698966863313573
6006840060008	1.4118648678758625
6006840060008	0.8904183172626543
6006840060008	0.6735062619002923
6006840060008	1.4537549762669688
6006840060008	0.7242185733709913
6006840060008	3.4716465318241156
6006840060008	0.7321499077575018
6006840060008	1.4345989793940557
6006840060008	0.5750558175314553
6006840060008	0.7406947935368765
6006840060008	0.738412504150822
6006840060008	0.04850626190029232
6006840060008	0.358981938659204
6006840060008	0.1315158120092271
6006840060008	0.8079941342928356
6006840060008	0.7124210073022843
6006840060008	1.3129336076646696
6006840060008	1.640959230278467
6006840060008	1.6116457262476365
6006840060008	1.1526914809467665
6006840060008	0.346934090440584
6006840060008	0.9332359243064254
6006840060008	0.7797991519052095
6006840060008	0.5084109180862428
6006840060008	0.962853464202597
6006840060008	0.25961162449886693
6006840060008	1.1689331300943095
6006840060008	0.03103341911880477
6006840060008	0.9917606552270677
6006840060008	1.4933734161173746
6006840060008	1.2930273603819102
6006840060008	0.842164983167315
6006840060008	0.982305014956077
6006840060008	1.3686549450275125
6006840060008	0.28798544876160115
6006840060008	1.0679892017760442
6006840060008	1.4997302014103233
6006840060008	1.2252173295915825
6006840060008	0.9018217621548777
6006840060008	0.43662917536253626
6006840060008	1.928352632905364
6006840060008	1.6490443386292428
6006840060008	0.6067298618405401
6006840060008	1.1509957448789487
6006840060008	3.6339498431458352
6006840060008	0.7878787878787878
6006840060008	1.0744888131548498
6006840060008	0.7443498206987454
6006840060008	0.5307660389866107
6006840060008	0.4286561009481328
6006840060008	0.13441153999370475
6006840060008	0.7738794611856321
6006840060008	0.3068693728064723
6006840060008	2.8718549331118233
6006840060008	1.1333001188043188
6006840060008	0.09206945970805869
6006840060008	1.159400420468764
6006840060008	1.7661704014660318
6006840060008	0.3075858340507215
6006840060008	0.35966508318153023
6006840060008	2.181528420778586
6006840060008	2.7311553679500062
6006840060008	0.8568530510077124
6006840060008	1.737327519625259
6006840060008	0.597729729632633
6006840060008	0.6022268814639086
6006840060008	0.12231781438444461
6006840060008	1.7062431643241376
6006840060008	0.8126436831552937
6006840060008	0.5245566855965472
6006840060008	0.14490653820219518
6006840060008	0.312138137107926
6006840060008	1.3973488538456116
6006840060008	0.13550480510745563
6006840060008	0.5247088353365946
6006840060008	1.647880290134496
6006840060008	0.7341939300565616
6006840060008	0.21914914640820637
6006840060008	0.37851796150383293
6006840060008	0.02019918642165802
6006840060008	0.08333333333333333
6006840060008	0.5529575142503962
6006840060008	0.5443698303470185
6006840060008	0.9387834373496545
6006840060008	0.008030562047606216
6006840060008	0.986786539427639
6006840060008	2.185539017541218
6006840060008	0.2987794210567854
6006840060008	0.7796492719248909
6006840060008	1.6245413237001423
6006840060008	1.7156011681745793
6006840060008	0.4092049061141738
6006840060008	2.179143324142305
6006840060008	1.0955197724694585
6006840060008	3.987580541396035
6006840060008	0.9369539391874159
6006840060008	1.7558233001081387
6006840060008	1.1010217818518182
6006840060008	0.9754997226408526
6006840060008	0.36975333567958557
6006840060008	0.811484308259228
6006840060008	0.012530533915070072
6006840060008	0.9600591669257337
6006840060008	0.9495263040528005
6006840060008	1.4244176200798757
6006840060008	0.9116058394160584
6006840060008	0.907321495892145
6006840060008	2.7422917451903226
6006840060008	1.6543946274035801
6006840060008	1.5839369441671194
6006840060008	1.0889807162534437
6006840060008	0.4274741073455101
6006840060008	0.30626198613338895
6006840060008	0.7968007227402102
6006840060008	0.1346337085057534
6006840060008	1.5108889331707336
6006840060008	0.08877565684651838
6006840060008	2.34106986266429
6006840060008	1.29270110446905
6006840060008	1.4028705156501453
6006840060008	0.30051051204633283
6006840060008	0.8682313109531611
6006840060008	1.847902752844881
6006840060008	0.650497134887214
6006840060008	0.08403122130394855
6006840060008	1.1612519761464688
6006840060008	0.24767750497677504
6006840060008	1.770890034795955
6006840060008	1.0049562939029435
6006840060008	0.14356844255343776
6006840060008	3.0372100989396875
6006840060008	0.24189604972712375
6006840060008	1.016811846096541
6006840060008	0.1665011203896096
6006840060008	1.783379840656161
6006840060008	1.8184735679515014
6006840060008	2.090660201401264
6006840060008	0.016529760111203544
6006840060008	3.070980060728881
6006840060008	4.025222928246274
6006840060008	2.8294820308248774
6006840060008	0.9373923702400195
6006840060008	0.5529917516963914
6006840060008	1.4469810218964743
6006840060008	1.29419680842857
6006840060008	1.0697204275331855
6006840060008	1.4132320676013743
6006840060008	0.4228298975555133
6006840060008	0.323556220288098
6006840060008	1.923472238521919
6006840060008	4.111455137905555
6006840060008	1.797330208677946
6006840060008	0.9254153225015156
6006840060008	0.5084413327374746
6006840060008	1.29419680842857
6006840060008	1.3887771536526565
6006840060008	0.45220989098356823
6006840060008	0.5905687552265799
6006840060008	0.15943487213044577
6006840060008	2.5205758787824366
6006840060008	0.8858098754975237
6006840060008	0.7571848673143023
6006840060008	0.7985828729670277
6006840060008	0.26358657969858096
6006840060008	0.006073773718248233
6006840060008	2.3660714404061487
6006840060008	0.704532949876625
6006840060008	0.9278027564978069
6006840060008	0.10004849460943183
6006840060008	0.22023809523809523
6006840060008	0.6025832511319144
6006840060008	1.4469016892943465
6006840060008	1.7252538436309985
6006840060008	1.4446775840513604
6006840060008	0.4715239539360351
6006840060008	0.22920898798282519
6006840060008	2.7226618611316575
6006840060008	2.3471813585736943
6006840060008	4.7954946293798955
6006840060008	1.1985395823394636
6006840060008	0.5537604641817657
6006840060008	1.781310673811256
6006840060008	2.4349934845594947
6006840060008	2.327709046329639
6006840060008	0.06537067381697205
6006840060008	1.8030836650323323
6006840060008	0.2593537414965987
6006840060008	0.7099740282169227
6006840060008	1.8030836650323323
6006840060008	0.4434306569343065
6006840060008	0.5973974192882345
6006840060008	2.5917442794216456
6006840060008	0.5973974192882345
6006840060008	1.5549043151011064
6006840060008	0.7405819615102611
6006840060008	2.243460304983041
6006840060008	0.3157175956759511
6006840060008	0.26906633257256984
6006840060008	2.0572900525509623
6006840060008	0.3430585083418295
6006840060008	2.3696473921865695
6006840060008	0.9734899003922736
6006840060008	0.428535765822348
6006840060008	0.7787352734683015
6006840060008	0.5998680269376222
6006840060008	2.1861150182500415
6006840060008	0.6558034894398531
6006840060008	0.4036861313868614
6006840060008	0.37358771079604314
6006840060008	0.5180840384235654
6006840060008	1.5154247322992342
6006840060008	2.4183807389178194
6006840060008	1.618595041322314
6006840060008	2.4477888309842
6006840060008	0.7074633506897334
6006840060008	0.9009633545954253
6006840060008	0.5721599653196978
6006840060008	2.804726804443793
6006840060008	0.2396511598059155
6006840060008	0.07238531378020747
6006840060008	2.9110324282466413
6006840060008	1.6253014066027267
6006840060008	0.07696127992660526
6006840060008	1.8608902338988849
6006840060008	1.7409454955081873
6006840060008	0.27764562546983496
6006840060008	0.47280384087645244
6006840060008	0.4581568427172162
6006840060008	0.4910855137011726
6006840060008	0.5193602954109997
6006840060008	0.5256487257193689
6006840060008	0.012498519758908033
6006840060008	1.6611246393221932
6006840060008	0.16910214768821516
6006840060008	3.9991223102033002
6006840060008	1.0445854108342316
6006840060008	0.11920309825302217
6006840060008	1.1984565198774724
6006840060008	0.3239472121803099
6006840060008	0.16910214768821516
6006840060008	3.9991223102033002
6006840060008	1.0445854108342316
6006840060008	0.11920309825302217
6006840060008	1.1984565198774724
6006840060008	0.3239472121803099
6006840060008	0.16910214768821516
6006840060008	3.9991223102033002
6006840060008	1.0445854108342316
6006840060008	0.11920309825302217
6006840060008	1.1984565198774724
6006840060008	0.3239472121803099
6006840060008	0.16910214768821516
6006840060008	3.9991223102033002
6006840060008	1.0445854108342316
6006840060008	0.11920309825302217
6006840060008	1.1984565198774724
6006840060008	0.3239472121803099
6006840060008	0.8157913590154874
6006840060008	1.6778414572518305
6006840060008	1.4911044424182691
6006840060008	2.9894845039170126
6006840060008	0.7319814787228761
6006840060008	1.8451998281365996
6006840060008	0.6710628179606282
6006840060008	1.9335047555850478
6006840060008	0.842687074829932
6006840060008	1.022946965969798
6006840060008	0.30461041858651466
6006840060008	0.16896113132833396
6006840060008	0.8590889971446115
6006840060008	0.07661985639165629
6006840060008	0.2318055321302075
6006840060008	1.3487048881298542
6006840060008	1.838317796857561
6006840060008	0.7955725683498893
6006840060008	0.2765025539093171
6006840060008	1.4647238667482625
6006840060008	0.25264026455492167
6006840060008	2.0504298864905204
6006840060008	0.9976095408336693
6006840060008	0.0752114282101633
6006840060008	1.7352215471445218
6006840060008	1.6214984031272726
6006840060008	1.7278746132034821
6006840060008	1.1917898767266784
6006840060008	0.8906534411832687
6006840060008	0.2538980752210031
6006840060008	0.7489873283218055
6006840060008	0.12204208181569229
6006840060008	0.9895175802361547
6006840060008	0.11807747576353807
6006840060008	0.39313488459480334
6006840060008	0.2865559441740331
6006840060008	0.9787505756553491
6006840060008	0.27983141583794163
6006840060008	1.3136303681956334
6006840060008	0.9787505756553491
6006840060008	0.27983141583794163
6006840060008	1.3136303681956334
6006840060008	0.30048169435378497
6006840060008	0.06608023058447471
6006840060008	0.4532089023549195
6006840060008	0.16896113132833396
6006840060008	0.8403636882768937
6006840060008	1.110036772870787
6006840060008	1.25061914794229
6006840060008	1.9302895441607442
6006840060008	2.5426740221949817
6006840060008	0.4977889925136713
6006840060008	1.4913540018483766
6006840060008	0.9576179064922146
6006840060008	0.4181423914075262
6006840060008	0.2629338842975207
6006840060008	1.5699598021026595
6006840060008	0.6760204081632654
6006840060008	1.0318402265986373
6006840060008	0.6775508943237295
6006840060008	1.1542372227841566
6006840060008	0.39729729211660403
6006840060008	1.324075608475198
6006840060008	0.5632276650267672
6006840060008	0.694662695670266
6006840060008	0.2811665039949051
6006840060008	0.6174133068645712
6006840060008	1.4815990717493246
6006840060008	0.6085999799647333
6006840060008	0.4351367832935299
6006840060008	0.08333333333333333
6006840060008	0.9462324467262083
6006840060008	4.6523987446340325
6006840060008	0.7828053750472277
6006840060008	0.30382752393293333
6006840060008	0.6014390177116121
6006840060008	1.6810151768484811
6006840060008	1.3650797613091457
6006840060008	2.1607478178382493
6006840060008	0.30415040893619333
6006840060008	0.3310705222785111
6006840060008	0.43741956769003504
6006840060008	0.3064268765045867
6006840060008	1.1572013976961109
6006840060008	1.0952025150423732
6006840060008	1.1899909058871843
6006840060008	2.030270115343673
6006840060008	0.02019918642165802
6006840060008	1.5285961036001552
6006840060008	0.6675648685605859
6006840060008	0.20423016597993382
6006840060008	1.7260501616224473
6006840060008	1.1723665226374396
6006840060008	0.1952494739195197
6006840060008	0.1266097755883329
6006840060008	0.41666666666666663
6006840060008	0.00338324060426054
6006840060008	0.2873472439989113
6006840060008	0.04064178848615718
6006840060008	0.47450391274770437
6006840060008	0.4270266035972718
6006840060008	0.16644561338877287
6006840060008	1.029545067488191
6006840060008	2.913596968791278
6006840060008	0.7150717353771969
6006840060008	0.41791725323882434
6006840060008	0.2683718119260454
6006840060008	2.338052112392147
6006840060008	0.7595478921808063
6006840060008	1.2187334089562742
6006840060008	3.6413405491600814
6006840060008	0.31757220838195255
6006840060008	2.2861549655825764
6006840060008	1.098998584042534
6006840060008	2.016365941914316
6006840060008	0.9221493979506339
6006840060008	0.773809523809524
6006840060008	0.8658851863246608
6006840060008	1.650038277623622
6006840060008	0.3760439108770238
6006840060008	1.0735232685336282
6006840060008	0.2192068973875043
6006840060008	0.11486694832843815
6006840060008	0.177643426490982
6006840060008	0.31874231469459574
6006840060008	0.034090909090909095
6006840060008	1.4339784471018522
6006840060008	1.4064193522744906
6006840060008	0.16154879774594708
6006840060008	0.3486899380776185
6006840060008	0.525914982866455
6006840060008	1.7565517438925407
6006840060008	0.5574708977261295
6006840060008	1.4446154494855794
6006840060008	0.16705828781823023
6006840060008	2.7354232790917883
6006840060008	0.9610817278534394
6006840060008	1.3349663856747545
6006840060008	1.0378370811054862
6006840060008	2.1507138030207935
6006840060008	0.33495539251411194
6006840060008	0.22949314682289917
6006840060008	2.483214572563328
6006840060008	0.16668076807525403
6006840060008	3.4847381632201815
6006840060008	2.128528020008246
6006840060008	6.238539001401011
6006840060008	1.107777356116129
6006840060008	1.1735854811164228
6006840060008	0.7370916535220541
6006840060008	0.8779787071127587
6006840060008	2.375313266145228
6006840060008	0.7269882215880488
6006840060008	2.8934475823350523
6006840060008	1.074877043496473
6006840060008	1.746058880681526
6006840060008	1.1588515370927235
6006840060008	1.5040106113537626
6006840060008	3.4360101878517453
6006840060008	7.020454226326582
6006840060008	0.46085854083359373
6006840060008	0.031722484198121785
6006840060008	0.2346194519544969
6006840060008	1.3680518231685668
6006840060008	0.45896629370793873
6006840060008	1.2127478899002802
6006840060008	1.5271493638466471
6006840060008	2.840507757895787
6006840060008	0.7531484014993848
6006840060008	0.5756966132286456
6006840060008	0.5756093377167827
6006840060008	2.5291263796151484
6006840060008	0.25721222945054856
6006840060008	3.0016175840504578
6006840060008	0.2262553548604817
6006840060008	1.4431559608181093
6006840060008	0.23326924909535848
6006840060008	0.5084768725135098
6006840060008	1.497662543444477
6006840060008	0.9991144644842247
6006840060008	0.39721309359854434
6006840060008	0.8598415761867212
6006840060008	0.6021897810218978
6006840060008	0.1825945587259456
6006840060008	0.2803603535802225
6006840060008	0.7410938114256518
6006840060008	0.7977150614638946
6006840060008	0.44841237413289403
6006840060008	1.7171654920207349
6006840060008	0.42178051287405377
6006840060008	0.1961443258773732
6006840060008	1.0947545069096276
6006840060008	0.39410426753093913
6006840060008	1.0317529656490696
6006840060008	1.2665151515151516
6006840060008	0.9476139981811569
6006840060008	1.2607632915425124
6006840060008	1.529009921415198
6006840060008	1.0993209183533288
6006840060008	0.3542650393421219
6006840060008	0.6012521710844908
6006840060008	0.7927381357967573
6006840060008	0.9600030266612769
6006840060008	0.5665522175973403
6006840060008	2.1673978591632377
6006840060008	1.0559264279821667
6006840060008	0.2533015808724407
6006840060008	2.727279980755384
6006840060008	0.24041175902102482
6006840060008	1.0401912849758765
6006840060008	1.9426850038376982
6006840060008	0.6414040278275226
6006840060008	0.5246110000762566
6006840060008	0.8711527555231106
6006840060008	1.2754349541037135
6006840060008	0.9522894875746042
6006840060008	5.097878766701619
6006840060008	1.2241706852494416
6006840060008	0.6643397125535673
6006840060008	0.5500490493156978
6006840060008	1.8916250304352416
6006840060008	1.721874401286472
6006840060008	0.7990264678486296
6006840060008	1.0240988076574622
6006840060008	1.747413360362613
6006840060008	1.296355282406779
6006840060008	1.3063589087929917
6006840060008	3.2843415898645683
6006840060008	1.1270758507281862
6006840060008	0.08918549806942365
6006840060008	1.0777828459869099
6006840060008	1.0986646347673144
6006840060008	0.12181840823579354
6006840060008	1.1009557167541417
6006840060008	0.5277642653057776
6006840060008	1.680664208311659
6006840060008	0.4599473398174697
6006840060008	0.1468662782820755
6006840060008	1.0081681814930703
6006840060008	1.8376361811623372
6006840060008	1.71307203786776
6006840060008	1.6979557796077758
6006840060008	1.3835046759702412
6006840060008	1.3240071762873655
6006840060008	1.2380831536683012
6006840060008	6.042119389357917
6006840060008	0.42702323986500595
6006840060008	1.554964082226492
6006840060008	3.854107404243967
6006840060008	0.2315448618106562
6006840060008	0.8559148764904428
6006840060008	0.4212207409465104
6006840060008	1.26894207543274
6006840060008	0.00460621703520552
6006840060008	0.7448034472539654
6006840060008	0.08875722440060801
6006840060008	0.03937098255280069
6006840060008	0.29763863522826584
6006840060008	0.1499361650381753
6006840060008	0.4108353130462212
6006840060008	0.3281071796627278
6006840060008	0.7904023626144218
6006840060008	1.193765109349525
6006840060008	0.499851645702949
6006840060008	0.1515626318636743
6006840060008	0.42651748418136637
6006840060008	0.16433355753789794
6006840060008	0.4849643829607315
6006840060008	0.261560777353809
6006840060008	1.1314467867391724
6006840060008	1.3535518419032906
6006840060008	0.3281071796627278
6006840060008	0.7904023626144218
6006840060008	1.193765109349525
6006840060008	0.499851645702949
6006840060008	0.38605622793267885
6006840060008	3.7782305610997615
6006840060008	0.38605622793267885
6006840060008	3.7782305610997615
6006840060008	0.38605622793267885
6006840060008	2.0451604138257258
6006840060008	1.5185661641456019
6006840060008	0.4183474138311887
6006840060008	0.38605622793267885
6006840060008	2.0451604138257258
6006840060008	1.5185661641456019
6006840060008	0.4183474138311887
6006840060008	0.6072291774496392
6006840060008	0.8080900598472566
6006840060008	0.25067899090025525
6006840060008	0.8042177652783993
6006840060008	0.5879539616296772
6006840060008	1.2921720905306802
6006840060008	1.481921017615017
6006840060008	0.18229161171612368
6006840060008	0.6823753578145132
6006840060008	0.24164541102410692
6006840060008	0.18187636442161725
6006840060008	0.7269212573680308
6006840060008	0.18187636442161725
6006840060008	0.7269212573680308
6006840060008	0.2747399276517901
6006840060008	1.225085113797726
6006840060008	0.5713999050142349
6006840060008	1.1318847331904078
6006840060008	1.594572373068309
6006840060008	0.46536905923991223
6006840060008	0.3254623877865639
6006840060008	0.9570864792130694
6006840060008	0.6545113309756215
6006840060008	0.3427191939150369
6006840060008	1.8520682146710084
6006840060008	0.8933372977181678
6006840060008	1.2316805402822026
6006840060008	0.6422425364782246
6006840060008	0.222318266149435
6006840060008	1.4678555820035517
6006840060008	2.2884207253590807
6006840060008	1.961438914318038
6006840060008	0.9108799371894389
6006840060008	0.5335593322264995
6006840060008	0.30542149279388875
6006840060008	1.1387863357300485
6006840060008	0.3396877055847452
6006840060008	0.14201736823983985
6006840060008	0.9865064968881976
6006840060008	1.591707683987846
6006840060008	1.340433437583226
6006840060008	0.17883199290349688
6006840060008	3.3033241811147804
6006840060008	1.0219635105982081
6006840060008	3.028965703363063
6006840060008	1.308850433940313
6006840060008	0.4960436778266362
6006840060008	0.8791042675309393
6006840060008	0.7990134738910698
6006840060008	0.11888987921132933
6006840060008	0.8277740342860327
6006840060008	0.630276490834022
6006840060008	0.17080150913190498
6006840060008	2.1829726841892656
6006840060008	0.2593537414965987
6006840060008	0.449129125611726
6006840060008	0.46098114527104417
6006840060008	0.18670752663645285
6006840060008	0.9937073429040346
6006840060008	2.4447330572413715
6006840060008	0.8890150667110459
6006840060008	0.024607581945812015
6006840060008	1.4779661350515967
6006840060008	0.31085450844562534
6006840060008	0.23014792047109972
6006840060008	0.2909569832982149
6006840060008	1.0843923755752485
6006840060008	2.1596277214073156
6006840060008	1.284288647559525
6006840060008	0.3078316890194907
6006840060008	1.3168203937869971
6006840060008	0.9625383245109635
6006840060008	0.4906147727351666
6006840060008	1.1006088875440674
6006840060008	1.1250672696445552
6006840060008	0.8632481269848056
6006840060008	0.5544765203122037
6006840060008	1.1946513662559342
6006840060008	1.8015601461861586
6006840060008	0.22817967602168027
6006840060008	1.900815768833519
6006840060008	1.942780108106078
6006840060008	3.2704556165050227
6006840060008	2.2698660016277574
6006840060008	2.930574189517484
6006840060008	4.1173008427381905
6006840060008	4.858662238550378
6006840060008	0.11369964330236498
6006840060008	0.33827899126767547
6006840060008	2.4548567286096423
6006840060008	1.9785140213228318
6006840060008	0.16662831367305128
6006840060008	1.1001753417192515
6006840060008	2.7111293198232884
6006840060008	0.9756946426104287
6006840060008	4.065138682910647
6006840060008	3.6939085536516774
6006840060008	1.1142439467912602
6006840060008	1.7244603510664003
6006840060008	0.5658101251399195
6006840060008	3.2937271410848856
6006840060008	2.162552978029263
6006840060008	1.5812372146271656
6006840060008	0.6875642873213416
6006840060008	3.119149932836073
6006840060008	0.3486256886634579
6006840060008	1.9319834782072163
6006840060008	1.1035943801617862
39953104	0.9916327715406129
38759318	2.6419740570978036
38759318	0.757937525244715
38759318	0.6443573089747322
38759318	0.8305223464438932
38759318	1.9222062932006574
40278103	0.9989923393922541
40278103	0.8093556340526145
6006840400006	0.5697460706889591
6006840400006	1.0631392902230328
6006840400006	0.8645131848513128
6006840400006	0.497179707556912
6006840400006	1.5361604037479768
6006840400006	0.3541763647607804
6006840400006	0.6858992503694848
6006840400006	0.7633292540824259
6006840400006	1.1267217630853994
6006840400006	0.04520697995564876
6006840400006	1.600883327101023
6006840400006	0.7741999022597509
6006840400006	0.8972653021241372
6006840400006	0.6197671830898516
6006840400006	0.6524309116379455
6006840400006	0.9462290820811656
6006840400006	1.8352629496534802
6006840400006	0.9841214053966137
6006840400006	0.30529173396204334
6006840400006	0.8276362139787466
6006840400006	1.1279487828189128
6006840400006	2.250790928386345
6006840400006	0.18045890449373242
6006840400006	1.545158154590348
6006840400006	0.19043401764180595
6006840400006	1.8981245163901692
6006840400006	0.5302552278073791
6006840400006	0.29268707482993206
6006840400006	0.5005288301401679
6006840400006	1.099528434372096
6006840400006	1.3421202180211775
6006840400006	0.2593537414965987
6006840400006	0.648778104344641
6006840400006	8.683164022413001
6006840400006	2.9576354910800817
6006840400006	0.025292325631822394
6006840400006	0.5204115488265646
6006840400006	1.2804773062618466
6006840400006	0.16019864267921735
6006840400006	0.24778350107714295
6006840400006	1.2571725858904683
6006840400006	0.5499818103026938
6006840400006	2.6919275881868385
6006840400006	0.2618203937182039
6006840400006	0.9397305068129169
6006840400006	0.058698296836983015
6006840400006	0.9381555899792977
6006840400006	1.6890475611224978
6006840400006	0.5262829011282834
6006840400006	0.6644703942980305
6006840400006	0.8851790633608816
6006840400006	2.6885922646648335
6006840400006	0.4079037275512849
6006840400006	3.7342299777667485
6006840400006	0.9885689061482624
6006840400006	1.41637253947075
6006840400006	0.5694503676447898
6006840400006	0.392563155424675
6006840400006	0.11442176870748301
6006840400006	0.21412189486008687
6006840400006	0.743938097296031
6006840400006	0.149719189238101
6006840400006	0.6094206092025691
6006840400006	0.42215142271352357
6006840400006	0.4470194647201949
6006840400006	2.0929115421125712
6006840400006	11.635535506889877
38708104	0.13033902803547753
38708104	0.8048082869511441
38708104	0.751795734754179
38708104	0.8208572742064658
38708104	0.06453893106481065
38708104	1.478904168165578
38708104	0.2610348576570396
38708104	0.6073177005222898
38708104	0.5107011213869035
38708104	0.13475052603434046
38708104	0.8678723530864829
38708104	1.8795215385654884
38708104	0.013686131386861315
38708104	0.358843537414966
38708104	0.7349242025507154
38708104	0.9153157871942978
38708104	0.24447418222656728
38708104	1.120752833197925
38708104	0.6091119746610218
38708104	0.06015981170730174
38708104	0.3630493153901309
38708104	1.9285359262030841
38708104	0.05909787106316358
38708104	1.2197850065425677
38708104	0.222934605410243
38708104	0.5942994015315057
38708104	1.3602706881973983
38708104	0.5936496832723642
38708104	0.14323258431107821
38708104	0.22721416390247562
38708104	0.6995047922967368
38708104	0.7021584208764593
38708104	0.12446400069298509
38708104	0.20084724176822222
38708104	2.4358974570552636
38708104	0.09070336240394743
38708104	0.2386660545919747
38708104	0.07135845262640839
38708104	0.8204673061649626
38708104	1.599697640055227
38708104	1.8908055875883163
38708104	0.2664023039034831
38708104	1.4852395444870452
38708104	0.48500738851422664
38708104	0.9290987309529279
38708104	0.1188578737280036
38708104	1.0098321931173388
38708104	0.3803619399804347
38708104	0.2172857372886844
38708104	0.7153258264155034
38708104	1.2754082112830725
38708104	0.22091268423714705
38708104	0.24078879693271615
38708104	0.29955579619006967
38708104	0.4745787364553219
38708104	1.4333495383796109
38708104	0.5207917227203759
38708104	1.1857320393582922
38708104	1.1229239816142285
38708104	2.5156235297394716
38708104	0.6263218501771821
38708104	1.2629376835359407
38708104	0.7239826134247256
38708104	1.5596770023937236
38708104	0.5425751716566487
38708104	1.1239899964207298
38708104	0.3925311521099941
38708104	0.8579220658440138
38708104	1.550564851912488
38708104	0.8564384474192596
38708104	0.3839066410350853
38708104	1.1070965531571872
38708104	1.113764660171235
38708104	0.3593493486929005
38708104	0.30529173396204334
38708104	0.8276362139787466
38708104	1.1279487828189128
38708104	2.250790928386345
38708104	0.18045890449373242
38708104	1.545158154590348
38708104	0.19043401764180595
38708104	0.13761263059679027
38708104	0.8182912081486814
38708104	0.10835912869982195
38708104	0.625
38708104	1.5598527089264331
38708104	0.5002978613718526
38708104	0.2779487828189127
38708104	1.0596758896272287
38708104	0.2062284327688279
38708104	0.1899321700412162
38708104	0.9230191544034313
38708104	0.833227671413005
38708104	1.0532256295743792
38708104	1.4938623531612087
38708104	0.5403354874122681
38708104	0.7334506073730213
38708104	1.8403668106823212
38708104	0.8610239432087285
38708104	0.8471359252425011
38708104	0.342687074829932
38708104	0.4234537836100449
38708104	0.5232735774399597
38708104	0.8317006862728737
38708104	0.2215379280075839
38708104	1.25592753968723
38708104	1.837863110153472
38708104	0.3336878496882668
38708104	0.2574758208643063
38708104	1.6325210916344146
38708104	0.19639380305065768
38708104	0.8317006862728737
38708104	0.2215379280075839
38708104	1.25592753968723
38708104	1.837863110153472
38708104	0.3336878496882668
38708104	0.2574758208643063
38708104	1.6325210916344146
38708104	0.19639380305065768
38708104	1.463581028050359
38708104	0.8317006862728737
38708104	0.2215379280075839
38708104	1.25592753968723
38708104	1.837863110153472
38708104	0.3336878496882668
38708104	0.2574758208643063
38708104	1.6325210916344146
38708104	0.19639380305065768
38708104	1.463581028050359
38708104	0.2366832943740489
38708104	0.5232735774399597
38708104	0.8317006862728737
38708104	0.2215379280075839
38708104	1.25592753968723
38708104	1.837863110153472
38708104	0.3336878496882668
38708104	0.2574758208643063
38708104	1.6325210916344146
38708104	0.19639380305065768
38708104	0.2366832943740489
38708104	0.5232735774399597
38708104	0.8317006862728737
38708104	0.2215379280075839
38708104	1.25592753968723
38708104	1.837863110153472
38708104	0.3336878496882668
38708104	0.2574758208643063
38708104	1.6325210916344146
38708104	0.19639380305065768
38708104	0.5232735774399597
38708104	0.8317006862728737
38708104	0.2215379280075839
38708104	1.25592753968723
38708104	1.837863110153472
38708104	0.3336878496882668
38708104	0.2574758208643063
38708104	1.6325210916344146
38708104	0.19639380305065768
38708104	1.2564482085765651
38708104	0.5232735774399597
38708104	0.8317006862728737
38708104	0.2215379280075839
38708104	1.25592753968723
38708104	1.837863110153472
38708104	0.3336878496882668
38708104	0.2574758208643063
38708104	1.6325210916344146
38708104	0.19639380305065768
38708104	0.7984528963100392
38708104	1.5506943925180103
38708104	0.1160776365412878
38708104	1.6609662812488912
38708104	1.3483225615162309
38708104	2.010027123409695
38708104	0.022727272727272728
38708104	1.4692352645931217
38708104	1.1856830423605236
38708104	1.3427993767371822
38708104	0.914374369055403
38708104	0.5995570672993373
38708104	1.5363374232429678
38708104	0.9889519477199991
38708104	0.15450365584896952
38708104	2.0922615822098054
38708104	0.6467304118162384
38708104	0.7817007146651384
38708104	0.1264871461390064
38708104	0.002455085266893517
38708104	1.763280184683225
38708104	1.3509569006907352
38708104	0.9533786693094333
38708104	0.5030453097450682
38708104	0.3741496598639456
38708104	0.3819419393116315
38708104	1.1697392857929403
38708104	0.07698603007809937
38708104	0.7899827526597042
38708104	0.8127068080881071
38708104	1.4804402751805976
38708104	0.25154648936973295
38708104	0.7893537414965988
38708104	0.31945259824443767
38708104	0.4295136514715831
38708104	1.2921772369440543
38708104	1.3112931956660459
38708104	1.1831488643810508
38708104	0.5617608969313823
38708104	2.417244122552404
38708104	1.2675874627320622
38708104	1.4368436817518224
38708104	0.16166664167376668
38708104	0.7765963668817946
38708104	0.28678557672747634
38708104	0.4992830235334002
38708104	0.7865287860061401
38708104	0.4438775510204082
38708104	2.3760014797904057
38708104	0.2042256354147675
38708104	0.7281179996274706
38708104	1.470397820594107
38708104	0.2951072401045297
38708104	0.782607245607912
38708104	0.20385674931129477
38708104	0.38975079885959313
38708104	0.5816125662767332
38708104	0.4620583461542711
38708104	0.257241421084176
38708104	1.1745724250486436
38708104	0.43182020930847553
38708104	0.7474273420854817
38708104	1.0911171706058957
38708104	0.7111296244558829
38708104	2.038010474815919
38708104	4.07371466855793
38708104	1.2241706852494416
38708104	1.9704140429838848
38708104	0.9818609209928849
38708104	2.1144353318718703
38708104	1.896013952773548
38708104	2.509616546556974
38708104	0.5511705841179823
38708104	3.1475759146152114
38708104	2.0651441339515695
38708104	1.5825997359866804
38708104	2.6072291673390833
38708104	1.0986646347673144
38708104	0.12181840823579354
38708104	1.1009557167541417
38708104	0.5277642653057776
38708104	1.680664208311659
38708104	0.4599473398174697
38708104	0.1468662782820755
38708104	1.0081681814930703
38708104	2.8797580500557585
38708104	1.6765166143597976
38708104	0.23803155993263006
38708104	0.34435768446950815
38708104	0.7855509948785955
38708104	1.5571643320935793
38708104	0.8420439635612249
38708104	0.3659970999854779
38708104	1.2830524751983496
38708104	0.22038492020882994
38708104	0.3367957739928785
38708104	0.22460503775021412
38708104	0.4018933983594294
38708104	0.9044572840781842
38708104	1.1724904653703592
38708104	0.6193554541904109
34687513	0.47333333333333333
34687513	0.34795412785865665
34687513	2.654688470252747
34687513	0.34795412785865665
34687513	0.9520529419701228
34687513	0.30690904019303594
34687513	1.2502531477994276
34687513	1.724766242389588
34687513	0.09121708367366826
34687513	0.125
34687513	0.5415226667168385
34687513	0.17180889298284718
34687513	0.2586206517675848
34687513	1.8014338295968955
34687513	1.2002920023052643
34687513	2.998412453281564
34687513	0.15497942662652792
34687513	1.144214432317341
34687513	1.149513381995134
34687513	1.865032951504592
34687513	3.3793679965373533
34687513	1.0093537414965987
34687513	1.1783710368519467
34687513	0.9644811192867564
34687513	0.6457173778602351
34687513	1.0051699050897174
34687513	0.7398015634241357
34687513	0.5728500419156417
34687513	0.9228650338593836
34687513	0.825270740188773
34687513	0.9826784185779917
34687513	1.0093537414965987
34687513	1.1783710368519467
34687513	0.9644811192867564
34687513	0.6457173778602351
34687513	1.0051699050897174
34687513	0.7398015634241357
34687513	0.9228650338593836
34687513	0.8789294739029311
34687513	0.42359504132231407
34687513	0.9878139310174222
34687513	1.2851473240124003
34687513	0.7215123441855253
34687513	3.989403383245114
34687513	0.19777318640955005
34687513	0.7852058718910088
34687513	0.4757192303918879
34687513	1.3612163617360449
34687513	0.9525122108301478
34687513	2.4157946819378355
34687513	2.4398161666769496
34687513	0.052308599333683564
34687513	2.0307925340457444
34687513	2.103651142937157
34687513	0.4550865800865801
34687513	4.478309906007775
34687513	0.15544743551664486
34687513	0.6920672401191883
34687513	1.4882959016528083
34687513	1.789646942069214
34687513	0.8331236334244481
34687513	0.3304404845945686
34687513	1.024284471525051
34687513	0.05020802460556254
34687513	0.08383320838926654
34687513	0.7440269491184077
34687513	0.956537497084684
34687513	0.9646035457737476
34687513	2.9676532829247853
34687513	2.4223273764739304
34687513	0.04347304216526744
34687513	0.6541407638813042
34687513	1.5236342257227868
34687513	0.3909217268695672
34687513	2.4223273764739304
34687513	0.04347304216526744
34687513	0.6541407638813042
34687513	1.5236342257227868
34687513	0.7143987052138516
34687513	0.8683011032758594
34687513	0.8240679083401177
34687513	0.5155965403796747
34687513	0.9917729438712117
34687513	0.6366666666666667
34687513	0.8880889545671846
34687513	0.21337197131519653
34687513	1.5128753796641672
34687513	1.0803361636625453
34687513	1.2367400846486576
34687513	1.4368875890664918
34687513	1.875265398771819
34687513	1.3420965531571871
34687513	0.7374427499969558
34687513	0.6146924254493988
34687513	0.7112331177782248
34687513	1.2621032509856374
34687513	1.767181202934019
34687513	0.21808385936767377
34687513	1.443765109349525
34687513	1.0531325550604824
34687513	1.1682873517814838
34687513	1.64009743702773
34687513	0.8156296562254635
34687513	0.36140805833892525
34687513	1.818688824917747
34687513	1.3626558268706657
34687513	0.19350112075913878
34687513	1.1727858426137934
34687513	0.3849620140026814
34687513	2.609685517937349
34687513	0.9038107293338914
34687513	0.33773335997311255
34687513	0.7908163265306123
34687513	0.07999691495271713
34687513	0.6722771311370844
34687513	0.5614803109970228
34687513	0.21254095974565773
34687513	4.0540377964336045
34687513	0.3446903466526195
34687513	1.3201888678094953
34687513	0.7287656883004635
34687513	0.8774115707613097
34687513	0.11679185654300031
34687513	0.42361524732685335
34687513	0.3937355539602793
34687513	2.4894616491301207
34687513	2.2657586780401977
34687513	1.0684312021495583
34687513	2.320035448722888
34687513	1.3537632198238538
34687513	0.49954427432050597
34687513	1.811720082918372
34687513	3.1754714281879775
34687513	2.5081628590152993
34687513	1.2103707625578626
34687513	0.761504870378018
34687513	2.320035448722888
34687513	1.3537632198238538
34687513	0.49954427432050597
34687513	1.811720082918372
34687513	3.1754714281879775
34687513	2.5081628590152993
34687513	1.2103707625578626
34687513	0.761504870378018
34687513	0.5192234934889821
34687513	0.33992384135440673
34687513	0.29508518772060116
34687513	1.0264968478002643
34687513	0.2663516083878203
34687513	1.9460163492413174
34687513	2.1981432445886466
34687513	1.3733062402644642
34687513	1.9061296443498972
34687513	1.881413899075377
34687513	0.7913662375084594
34687513	1.6838898949796473
34687513	2.1924413017666877
34687513	1.818688824917747
34687513	1.3626558268706657
34687513	0.19350112075913878
34687513	1.1727858426137934
34687513	0.3849620140026814
34687513	2.609685517937349
34687513	0.25696516550253373
34687513	0.5416666666666666
34687513	0.8230623639362235
34687513	0.5502107872738226
34687513	0.361592598020105
34687513	1.3565297986477298
34687513	0.9980969259728206
34687513	0.30904435090961846
34687513	0.774947442356154
34687513	1.544859623436693
34687513	1.1162574571882211
34687513	1.7098681012555221
34687513	0.40114376010544295
34687513	0.7246725886492532
34687513	0.14306217021090323
34687513	0.3017344024843588
34687513	0.5931163843280021
34687513	1.2218941791854763
34687513	0.6022771915949076
34687513	0.22696858596558805
34687513	0.9750052631868878
34687513	0.22051780223236495
34687513	1.9703459400141066
34687513	1.3286310534348265
34687513	1.1300601222013928
34687513	0.3844632020650515
34687513	0.08725146920357962
34687513	0.8134086078751885
34687513	0.20974975640897442
34687513	3.037795763572913
34687513	7.015767280121319
34687513	0.5494895702142835
34687513	2.6861184052029565
34687513	0.7823573179899711
34687513	0.7892154888522114
34687513	1.228277066699187
34687513	0.5671801756023462
34687513	0.125
34687513	2.3997943661822805
34687513	2.5936664492977535
34687513	2.3759388162357085
34687513	0.8040520548687048
34687513	1.3315900299340522
34687513	0.7405185966849518
34687513	1.326285212245851
34687513	1.9772590781000825
34687513	1.5645593186602569
34687513	0.03346161189021575
34687513	3.520785208768014
34687513	0.8771394387318052
34687513	0.4771033285700233
34687513	1.645590295052036
34687513	0.5816718848570716
34687513	0.5577865448495801
34687513	0.6907977837056477
34687513	0.7913872382266921
34687513	0.3569727138582046
34687513	1.1240932564133816
34687513	1.0645489122131688
34687513	0.6956499467334472
34687513	0.09411564625850333
34687513	0.753577021803835
34687513	0.6372753951137792
34687513	0.008278481919938838
34687513	0.3773320420640421
34687513	0.35438254674072517
34687513	2.017298285711198
34687513	0.3368745852687459
34687513	0.5800557183144861
34687513	1.2214461817748308
34687513	1.0245251742406571
34687513	2.23740817364452
34687513	0.5098908285642745
34687513	0.6548125882756259
34687513	2.5261973592655784
34687513	7.43655270028227
34687513	1.008105842921644
34687513	0.5186599119149351
34687513	0.15136718184340803
34687513	1.7889495426657176
34687513	1.0627548045681152
34687513	0.587297288265253
34687513	0.7851388654635408
34687513	4.354785704581218
34687513	0.0046185473913418484
34687513	1.0627548045681152
34687513	0.587297288265253
34687513	0.7851388654635408
34687513	4.354785704581218
34687513	0.725973051584361
34687513	0.2875722606710625
34687513	1.5314271404843343
34687513	3.4147451493730165
34687513	2.8914826513538205
34687513	1.4934499615865136
34687513	1.0105118147246333
34687513	0.6036455463728192
34687513	6.088525031175649
34687513	0.1302170421660349
34687513	0.30632890744949315
34687513	0.9934199693343991
34687513	2.5721851471613855
34687513	0.6655862981346068
34687513	0.47060957817499843
34687513	1.2208565244279528
34687513	2.3153480401789484
34687513	0.6337632198238539
34687513	1.4102051500390897
34687513	0.2593537414965987
34687513	0.08020802460556255
34687513	0.14828918676801922
34687513	1.2273191944879038
34687513	0.2584368655254829
34687513	2.685998304127916
34687513	0.4752507283312881
34687513	0.9590700547863027
34687513	1.7471817665416687
34687513	0.8275059818940603
34687513	0.23722627737226276
34687513	0.3401408638271043
34687513	0.7038133443792551
34687513	0.4986538894235155
34687513	1.105591582392715
34687513	0.23489650806557635
34687513	0.7682539273948847
34687513	0.619552160186624
34687513	0.6326971343835149
34687513	0.764356841157838
34687513	1.518181710636807
34687513	0.4986538894235155
34687513	1.105591582392715
34687513	0.23489650806557635
34687513	0.7682539273948847
34687513	0.619552160186624
34687513	0.6326971343835149
34687513	0.764356841157838
34687513	0.6629102746187332
34687513	0.5870408163265308
34687513	0.5733059476165634
34687513	0.16762873884240867
34687513	0.6818181818181819
34687513	0.30229939676477047
34687513	1.6116628579968408
34687513	0.43020532740034545
34687513	0.7653456116680376
34687513	1.0243057017028236
34687513	0.6262925655541413
34687513	0.29800040608207523
34687513	1.6347015988214555
34687513	0.9965672127491149
34687513	1.077777849511836
34687513	1.0425392235306536
34687513	0.36243396491038565
34687513	0.8372109216982274
34687513	0.22505537746791837
34687513	0.8698966863313573
34687513	1.4118648678758625
34687513	0.8904183172626543
34687513	0.08735353529146443
34687513	1.4102286645713094
34687513	0.2136814158597245
34687513	0.238193679945371
34687513	1.8307467580583587
34687513	0.6081609240346554
34687513	5.586316706108587
34687513	3.995942146474033
34687513	1.8960518598735012
34687513	1.43478775951428
34687513	0.03571132581936648
34687513	0.4286356852707111
34687513	0.6503720765770783
34687513	0.12779262051563262
34687513	0.5873425775181953
34687513	0.7502928173248987
34687513	0.3008752465103117
34687513	2.5379996971031082
34687513	0.42001043488293643
34687513	1.1077026137632477
34687513	0.6840454887480639
34687513	0.14350116004155516
34687513	0.5766455545944842
34687513	2.693899978517234
34687513	1.2826035335177621
34687513	0.385572100141873
34687513	1.5196148675114167
34687513	1.635033681888834
34687513	2.3514946177025795
34687513	2.7135856163643925
34687513	0.515475512882438
34687513	2.3716116429511223
34687513	0.8238764348184429
34687513	0.4278280233580817
34687513	0.5127079228162423
34687513	1.4430677062436914
34687513	2.0742499107009884
34687513	0.12081408521162323
34687513	0.8660553287296379
34687513	1.229929047945276
34687513	1.1176907319277853
34687513	1.26676673602817
34687513	0.3324829931972789
34687513	0.2884440883791533
34687513	0.5612743652028608
34687513	1.103591959246354
34687513	0.7932864240997594
34687513	0.5359998599382064
34687513	1.3265049150420871
34687513	1.6930198432673924
34687513	0.0934642493920524
34687513	0.04625405435065047
34687513	0.6488963670252289
34687513	0.5647796740469267
34687513	0.1910670446029375
34687513	0.7580556433391082
34687513	0.2916666666666667
34687513	2.5016595250143854
34687513	2.9352483521942028
34687513	1.5098731784661568
34687513	0.8096161943090563
34687513	1.027702613763248
34687513	1.179465329717635
34687513	1.6048230518295656
34687513	0.22776936307958418
34687513	2.455355394861803
34687513	1.4950310344855386
34687513	2.388233068178726
34687513	0.8085635137709254
34687513	1.6230520008942568
34687513	0.7692921919929222
34687513	0.9962121212121213
34687513	1.2310069217720916
34687513	0.37146083294408955
34687513	0.7067559205537809
34687513	0.09513359643497067
34687513	0.1265460729746444
34687513	0.1175925731610802
34687513	3.1264610454595942
34687513	0.9752890366498292
34687513	1.4934323028508456
34687513	2.4136702514383614
34687513	0.3385691932098645
34687513	0.46465740395619975
34687513	0.3188793786290567
34687513	0.0017095618949137803
34687513	2.3122576153709806
34687513	0.15145985401459855
34687513	1.4377302255397777
34687513	1.061665177019713
34687513	0.6793195182019696
34687513	2.3609530008457518
34687513	0.397193098871931
34687513	0.8005913272010513
34687513	2.5924798848860418
34687513	2.8249380970130105
34687513	0.4195614867324483
34687513	0.4848178595690313
34687513	0.6622592499186292
34687513	1.3865285099551816
34687513	1.7797598517312379
34687513	0.23241430802359733
34687513	1.4656497811035107
34687513	0.7814267589482033
34687513	1.2655501282418868
34687513	0.5899311853429945
34687513	0.6302727653646049
34687513	0.15098448262735764
34687513	1.5408514564386762
34687513	1.635901256512315
34687513	1.465891546976028
34687513	0.8991905925704606
34687513	0.504756241819277
34687513	1.074056893369369
34687513	1.448683919486839
34687513	1.2041492426679306
34687513	0.8863636363636364
34687513	1.9477219008824003
34687513	0.3837225416415385
34687513	0.19760794327033337
34687513	8.39340311022174
34687513	0.1826619137302867
34687513	1.2797826010518547
34687513	1.3740917983314052
34687513	0.0501342045234532
34687513	0.24616860348788194
34687513	0.4326221776143578
34687513	1.4243382035148822
34687513	0.6200489662116125
34687513	2.6143293504006935
34687513	0.40777219168203416
34687513	1.4355818487134253
34687513	0.609560549903203
34687513	0.9892899123393839
34687513	0.8190939603777748
34687513	0.6287049325370493
34687513	0.21841368793520932
34687513	2.300479200712659
34687513	0.9682467303853873
34687513	0.16207466874723858
34687513	5.809157623486457
34687513	0.27762927380682595
34687513	0.7565916811896123
34687513	0.7403820395067475
34687513	0.25469729483557757
34687513	0.20422002598208855
34687513	1.7202435518180268
34687513	0.5118936674413669
34687513	4.92149739665792
34687513	1.5926870748299322
34687513	1.0874338122773994
34687513	1.5389074183862277
34687513	1.8498632632726426
34687513	0.6826100967095537
34687513	1.5028162885230751
34687513	0.9007424688494108
34687513	1.1405406194853596
34687513	2.0878115574664973
34687513	1.165455180389345
34687513	2.0445206441516874
34687513	0.7176273639030553
34687513	3.736061603760291
34687513	0.8310151524864774
34687513	0.909905353957106
34687513	1.5330400148690266
34687513	2.066735839792494
34687513	0.7409978291813628
34687513	0.8004671276643623
34687513	1.2171504150101229
34687513	0.19386668470836765
34687513	1.951629473277238
34687513	1.8567941628088998
34687513	0.9397072818264178
34687513	2.091039170735753
34687513	2.2610635955614153
34687513	0.8301909934531084
34687513	2.513185648895278
34687513	0.3441496598639456
34687513	2.320297338527648
34687513	0.06513493843310508
34687513	1.1026450693633492
34687513	0.3468068420184067
34687513	1.7291642345798648
34687513	1.6206842451082082
34687513	2.038578941780108
34687513	3.43244183059051
34687513	2.641289205634431
34687513	0.7622296311472373
34687513	0.36123254078173017
34687513	0.034560711534527395
34687513	0.4587042386950883
34687513	0.42980828695114415
34687513	0.5530194753898422
34687513	0.5421776155717762
34687513	0.6100000000000001
34687513	0.43676461285348644
34687513	0.5675369035549043
34687513	0.29509736874179004
34687513	1.0972160123819286
34687513	1.085680350312413
34687513	0.543639139635806
34687513	0.022910594961114555
34687513	0.5142662034158566
34687513	0.473368635374275
34687513	1.6481130535561181
34687513	1.1554185077629562
34687513	0.5350068792241689
34687513	1.4448109979677763
34687513	2.6155606464126064
34687513	4.797232303591745
34687513	2.8708567345962837
34687513	0.6671156941943409
34687513	0.8108342763388701
34687513	3.6424894696636807
34687513	2.2671976714770743
34687513	0.02393507187252887
34687513	0.15229616477259605
34687513	0.3953943548407899
34687513	0.12112720846591676
34687513	0.787223837726386
34687513	0.017183335671202133
34687513	2.198801096786415
34687513	1.2168367346938775
34687513	2.9711866233395243
34687513	1.429244550867824
34687513	0.5645391701211149
34687513	1.6699576458357983
34687513	2.496938624080462
34687513	0.368077495855562
34687513	0.07954545454545453
34687513	0.11756802908193416
34687513	0.9769498240175217
34687513	1.0849794266265282
34687513	0.9905667532705753
34687513	0.13368078561165253
34687513	3.9166995883083278
34687513	2.299634616202382
34687513	2.2279185024063684
34687513	1.573738264203019
34687513	1.0599959278471338
34687513	1.9412398709514365
34687513	1.655935717713629
34687513	1.2172640055765223
34687513	2.9470761964944825
34687513	0.001511925296389563
34687513	1.5158793550195029
34687513	1.6219693858103097
34687513	1.14346521522429
34687513	1.0042262409741674
34687513	1.6346773453750545
34687513	3.1891214834095405
34687513	3.178782320969581
34687513	2.017762335063845
34687513	0.812843930530871
34687513	1.1542767479314666
34687513	0.08942085423520724
34687513	1.0841968025985116
34687513	0.042407883519783134
34687513	2.5779752440154198
34687513	1.562213486594179
34687513	0.44505994425845147
34687513	1.597317807845688
34687513	0.9824402448437902
34687513	1.9734368151391086
34687513	0.2879575523558699
34687513	0.08205794658999169
34687513	0.5163040268592731
34687513	0.9729981838805175
34687513	0.7128508706940481
34687513	0.8055037116753682
34687513	0.5795454545454546
34687513	2.0289315371389787
34687513	2.1792248694132397
34687513	0.5972353923328624
34687513	1.1431813693468296
34687513	0.07339090383564492
34687513	1.2788664587775405
34687513	0.1433109592100613
34687513	1.249106000363283
34687513	1.770098364069637
34687513	0.6828794589700216
34687513	1.9947499964354904
34687513	0.17271951500713553
34687513	0.18610951856710747
34687513	1.4922753056202933
34687513	1.455679421913494
34687513	0.40555588063229236
34687513	0.9295569002704046
34687513	1.1822257333591928
34687513	1.3478149344867671
34687513	3.1793205277149896
34687513	0.5909185747188728
34687513	1.3567124722321902
34687513	1.9723285285298917
34687513	0.26186867182174794
34687513	0.28858869316326397
34687513	0.8203039281276853
34687513	1.1344212211353222
34687513	0.6863249949701435
34687513	1.6641751345849958
34687513	1.8243670819692261
34687513	0.5266722983542957
34687513	0.5556095138785442
34687513	1.4889062774697763
34687513	0.6849590484105231
34687513	3.7476869666361545
34687513	0.18196026991487133
34687513	0.9965179244977864
34687513	1.5086315316058883
34687513	4.675223315585694
34687513	1.1472209728456522
34687513	0.48115782123182516
34687513	1.1616321489908275
34687513	1.0836988668601528
34687513	1.1983333333333333
34687513	0.5907101778909182
34687513	1.8610610505404777
34687513	0.3939008426054824
34687513	0.06503707655269744
34687513	0.9487494845638588
34687513	1.031561894830925
34687513	1.838866252388529
34687513	1.8095878864930661
34687513	0.7896005509641874
34687513	1.3838385169830385
34687513	1.4765218107507638
34687513	0.7783333333333335
35428116	0.024545454545454537
35428116	3.628507879985584
35428116	0.40027753501456176
41733712	1.4953814273750667
41733712	0.6910594140150145
41733712	3.010556281988062
41733712	3.3057285652935238
41733712	2.81909668842152
41733712	0.762310087294721
41733712	0.20163162936333273
41733712	1.7258460692189659
41733712	2.738082704027093
38843311	1.1382819813501206
38843311	1.0506622222905702
38843311	0.3843537414965988
38843311	1.2412599255756667
38843311	0.08779974448200803
38843311	1.0123726826779378
38843311	1.8037262711700273
38843311	0.8198007218376738
38843311	1.186572706171467
38843311	0.5973852715634013
38843311	2.2740549818324056
38843311	0.6057313823781783
38843311	0.00460621703520552
38843311	0.16042888198431127
38843311	1.4297108829698046
38843311	0.7491748039032533
38843311	0.9650130289342437
38843311	0.3353612905047777
38843311	0.3514223871366729
38843311	0.7457542540093519
38843311	0.771796301756508
38843311	0.13475052603434046
38843311	1.5312643175050102
38843311	1.6794684647785822
38843311	1.1182781933751376
38843311	0.04818181818181819
38843311	0.04557535019996298
38843311	1.1572973039898649
38843311	1.2313720426051065
38843311	0.8531394464340042
38843311	2.126326682931589
38843311	2.2139552011845853
38843311	3.986279391235293
38843311	1.1161540370333956
38843311	1.3846455445848904
38843311	0.7315405848006258
38843311	1.131616082944488
38843311	0.5312686306661686
38843311	0.9748693821670219
38843311	2.064639823295468
38843311	1.1353539986660701
38843311	0.3541778238947593
38843311	0.029584493645481588
38843311	0.32828960243267247
38843311	0.4590532956717291
38843311	0.0990675745988916
38843311	0.8281626277611875
38843311	0.3774104683195592
38843311	1.4880191723373786
38843311	2.068024712671803
38843311	0.2812772694088659
38843311	0.36344814272552184
38843311	0.6785206623860774
38843311	0.581967302248076
38843311	1.25539415291536
38843311	1.9021257952532429
38843311	0.8998028350242357
38843311	1.582176308539945
38843311	0.5684583056845831
38843311	0.4630868124843504
38843311	1.7540280861650062
38843311	1.6165661138660554
38843311	0.3089202460821069
38843311	0.7351108979967278
38843311	0.42970234926331863
38843311	1.2825646901012935
38843311	0.7861424390139096
38843311	2.346972335848014
38843311	2.812768195106087
38843311	0.10421291752709333
38843311	0.48783185192116074
38843311	1.4247926991753503
38843311	0.5175109266422732
38843311	0.7937337960564913
38843311	0.11407924255805532
38843311	0.09841608187984212
38843311	1.715101866981843
38843311	0.7200022119000222
38843311	0.5711600760802542
38843311	1.3616197988258316
38843311	0.19697093076744226
38843311	1.582718683350794
38843311	1.3375072091502915
38843311	1.137728063494154
38843311	1.2302267273260667
38843311	1.8582225064069555
38843311	0.5619335038207446
38843311	0.9571573680967993
38843311	1.1865501634350788
38843311	1.092636902375894
38843311	0.22624517412312697
38843311	0.9372868210685696
38843311	0.19372894716613304
38843311	1.6336042445339891
38843311	2.7356152816594226
38843311	0.24487705938595275
38843311	0.30321659244584975
38843311	0.16206916698934504
38843311	0.2860422405876951
38843311	0.45819854100666557
38843311	0.07181522302959037
38843311	0.23166731642865773
38843311	3.247618393332283
38843311	0.25596264724646167
38843311	1.5240598668561645
38843311	1.448856681487323
38843311	0.39636968132460726
38843311	0.06385731136457266
38843311	0.20355938551598524
38843311	0.5950000000000002
38843311	1.4294623449031596
38843311	1.1362094858788248
38843311	0.9901959371268041
38843311	0.6180424889984623
38843311	1.1488941854113908
38843311	0.3907962838668009
38843311	0.04299742286973744
38843311	0.3550942138763643
38843311	1.513884596631611
38843311	0.6919141675438718
38843311	1.9297305500261703
38843311	1.1916379500472407
38843311	0.551624427342276
38843311	2.112249993276647
38843311	0.9958476091166395
38843311	1.097996614788348
38843311	1.101228430993303
38843311	0.5628327333519408
38843311	1.4783308897507623
38843311	1.972355812377611
38843311	1.9513658482636584
38843311	0.6368301252080052
38843311	0.3333333333333333
38843311	0.45981165133596147
38843311	0.07159299523052454
38843311	0.3550942138763643
38843311	1.513884596631611
38843311	0.6919141675438718
38843311	1.9297305500261703
38843311	1.1916379500472407
38843311	0.551624427342276
38843311	2.112249993276647
38843311	0.9958476091166395
38843311	1.097996614788348
38843311	0.3295961556647082
38843311	0.19114967594767673
38843311	1.0529970909754667
38843311	1.373007353066905
38843311	1.084985320234713
38843311	1.0283095819523882
38843311	0.8427764648561615
38843311	0.21522676670398794
38843311	0.01517787628913747
38843311	1.7279914585204208
38843311	0.10550981749392377
38843311	1.243416316750626
38843311	0.4842007141277215
38843311	0.9809660306738108
38843311	0.03805839731566085
38843311	1.0529401661501854
38843311	0.0034272703940390475
38843311	1.2432700997910917
38843311	1.4413382999846274
38843311	1.8591849102830618
38843311	1.3886789989731372
38843311	1.913606935698332
38843311	0.4541172700437909
38843311	0.8588304406062193
38843311	0.677439746389867
38843311	0.824650038508404
38843311	0.6767728477195069
38843311	0.8286706828924778
38843311	0.12455162237671785
38843311	3.3292380597769125
38843311	1.2612556088881195
38843311	0.14388637990986025
38843311	0.879786168106969
38843311	0.3197380871321027
35517344	1.8936794750312367
35517344	1.413387259427001
35517344	1.426032072289934
35517344	0.8390448717938406
35517344	0.07576274883890238
35517344	1.4216697663279059
35517344	1.2033419947799004
35517344	1.7740853567998471
35517344	1.394346632564266
35517344	2.083140203968884
35517344	1.1569821145782972
35517344	0.41511356608759203
35517344	0.48729339773217345
35517344	0.07866457178517718
35517344	0.06773790078673539
35517344	0.36399277248885475
35517344	0.3793533694611672
35517344	0.6230597811846847
35517344	1.6335764122203154
35517344	1.0301459092594867
35517344	1.0700692977824733
35517344	0.9395448568585358
40168448	0.3904559428648022
40168448	3.170592065691997
40168448	1.9118161687720907
40168448	0.12729307061358774
40168448	1.0745069721272231
40168448	0.3578401149984766
40168448	3.8083876411759325
40168448	0.9532530157422212
40168448	0.6935154056456074
40168448	1.8803813496201403
40168448	1.3699402658846032
40168448	1.1050357372079687
40168448	1.820840755844917
40168448	0.4965048723562661
40168448	1.777463529535531
40168448	2.9580291905990186
40168448	1.3129272506565952
40168448	1.2632968553212005
40168448	3.9346289167012407
40168448	2.94830272931115
40168448	0.6114392261265907
40168448	0.7154337571505375
40168448	1.3740229417466137
40168448	1.466288619923394
40168448	1.0745069721272231
40168448	0.6950637835580453
40168448	3.8083876411759325
40168448	0.9532530157422212
40168448	0.6935154056456074
40168448	1.8803813496201403
40168448	1.3699402658846032
40168448	1.1050357372079687
40168448	1.466288619923394
40168448	1.0745069721272231
40168448	0.6950637835580453
40168448	3.8083876411759325
40168448	0.9532530157422212
40168448	0.6935154056456074
40168448	1.8803813496201403
40168448	1.3699402658846032
40168448	1.1050357372079687
40168448	1.324869937173889
40168448	1.0745069721272231
40168448	0.6950637835580453
40168448	3.8083876411759325
40168448	0.9532530157422212
40168448	0.6935154056456074
40168448	1.8803813496201403
40168448	1.3699402658846032
40168448	1.1050357372079687
40168448	1.4971700273778445
40168448	1.445642009667369
40168448	2.439749340357191
40168448	2.1106563289718268
40168448	1.9718459842100988
40168448	0.7150807661292091
40168448	1.8022440158335473
40168448	2.6257542993414793
40168448	1.7761643217196275
40168448	1.0660175315608589
40168448	1.0101210471520452
40168448	0.5516666666666666
40168448	1.2119346921811056
40168448	0.8960318189108856
40168448	1.941303162550813
40168448	0.5821167883211679
40168448	0.5100591100807832
40168448	0.3683898427873807
40168448	0.6129504113089818
40168448	0.945223721991662
40168448	1.9251869650922717
40168448	0.7409101222919757
40168448	0.9741017505730583
40168448	3.0177732974354075
40168448	3.0643977307228214
40168448	0.9463580908368507
40168448	2.2204189416395863
40168448	2.354089327772838
40168448	1.6511484378916375
40168448	1.6555255901202364
40168448	8.976221583490954
40168448	0.5722330741691106
40168448	2.7059226201220854
40168448	9.392167483803187
40168448	6.183601755431893
40168448	1.4628975392964716
40168448	0.20452717342616863
40168448	3.855204450790088
40168448	4.416835437140751
40168448	0.5337982848925521
40168448	1.1259152428629238
40168448	1.909627288915787
40168448	6.348039272590385
40168448	1.1259152428629238
40168448	1.909627288915787
40168448	6.348039272590385
40168448	1.1259152428629238
6006839330008	1.5177543449479367
6006839330008	0.30529173396204334
6006839330008	0.8276362139787466
6006839330008	1.1279487828189128
6006839330008	2.250790928386345
6006839330008	0.18045890449373242
6006839330008	1.545158154590348
6006839330008	0.19043401764180595
6006839330008	2.2996089554143078
6006839330008	0.5006082725060826
6006839330008	0.3140939020474684
6006839330008	0.7997960487915852
6006839330008	0.2801332923987334
6006839330008	0.6316727529340603
6006840420004	0.19133451188574507
6006840420004	2.764889018732496
6006840420004	0.24272446175741758
6006840420004	0.667240006687418
6006840420004	0.6078648758737307
6006840420004	1.01216041818188
6006840420004	1.1816219181333785
6006840420004	0.6815715760526692
6006840420004	1.7318682750039254
6006840420004	0.8053466438800067
6006840420004	0.9668214996682148
6006840420004	0.9533786693094333
6006840420004	0.8531158369037437
6006840420004	0.9240119837414204
6006840420004	1.5922103798304033
6006840420004	0.8049459863866503
6006840420004	1.0482528829232014
6006840420004	0.043224521985154696
6006840420004	0.026256687103587882
6006840420004	1.2037738030604654
6006840420004	1.803580954261074
6006840420004	1.7352767717747068
6006840420004	0.7838991401937255
6006840420004	1.0863873504155972
6006840420004	3.9362804381387684
6006840420004	4.45915355541303
6006840420004	0.23957700643035867
6006840420004	0.5878742430192805
6006840420004	3.6461608476865845
6006840420004	0.3715893636523863
6006840420004	1.0054499156112482
6006840420004	2.439674464523194
6006840420004	0.9810672986957782
6006840420004	0.7500513836024663
6006840420004	1.6170753209644937
6006840420004	0.3493537414965987
6006840420004	2.619663058598668
6006840420004	0.001521195736473191
6006840420004	0.38870258778220224
6006840420004	1.0112947365584903
6006840420004	1.0130599875294115
6006840420004	1.3179329794293297
37416167	0.662034972366819
37416167	0.6372207530938216
37416167	1.3143386418933865
37416167	0.13636363636363638
37416167	1.6976309093562547
37416167	1.456852325845594
37416167	1.2989092052253137
37416167	0.6099359549354755
37416167	0.2906898296508687
37416167	1.1570371912810606
37416167	1.4056220845093317
37416167	2.8410817216631092
37416167	1.393924837424943
37416167	1.0233324564302508
37416167	2.512440064647898
37416167	0.6286074072658765
37416167	0.8654942975747968
37416167	1.5750294876171962
37416167	0.8654942975747968
37416167	1.5750294876171962
37416167	0.551932544315541
37416167	0.2593537414965987
37416167	0.9250553139812164
37416167	0.7557871883489978
37416167	1.827464484708373
37416167	1.42623440914025
37416167	0.7070616598385465
37416167	1.871417885277218
37416167	0.8397637345863364
37416167	0.9360144773444733
37416167	0.46925375370170225
37416167	1.490595582569162
37416167	1.8590909275750491
37416167	1.1810318027997428
37416167	2.401974779188354
37416167	1.4717388735068135
37416167	1.3193983326749952
37416167	0.8880123537800184
37416167	1.423726753118715
37416167	1.3361715279025907
37416167	1.7201124315856495
38487613	0.014225714672808563
38487613	0.7291629526773619
38487613	0.21310411103797933
38487613	0.427629100471266
38487613	1.1282657917595225
38487613	0.5918958212593702
38487613	0.18338303560248376
38487613	0.4033333333333333
38487613	0.49598628355266694
38487613	0.4033333333333333
37126763	0.11604839479930946
37126763	1.5028253255639605
37126763	0.40137333554267357
37126763	2.079911772559699
37126763	0.9880514941599708
37126763	0.8551499037406814
37126763	1.4871577991107148
37126763	1.8648661423329358
37126763	2.711401949365016
37126763	1.6141071256145665
37126763	2.9029479751327516
37126763	2.7378299371391552
37126763	1.5746150712179214
37126763	1.5622159746713027
37126763	2.698079663451385
37126763	0.9805645083493298
37126763	0.31059985099890575
37126763	2.159522097123821
37126763	0.6570935990987838
37126763	2.8334998074922475
37126763	3.1440986134996862
37126763	1.1057561763922557
37126763	2.479129676451251
37126763	0.9816160554528206
37126763	1.0082363078808732
6006840520002	1.6867556630738996
6006840520002	1.4857106690079702
6006840520002	3.269750265535154
6006840520002	1.6667154984572508
6006840520002	9.067708191209471
6006840520002	2.609090977706207
6006840520002	3.0251423209064856
6006840520002	0.024943861377927028
6006840520002	1.4752553760035465
6006840520002	1.5589245653151522
6006840520002	2.1559303927151934
6006840520002	0.2593537414965987
6006840520002	0.228340373726679
6006840520002	2.1800766105291887
6006840520002	3.428012348957636
6006840520002	0.3642311417530582
6006840520002	0.7465200812337459
38832582	2.41535150677435
38832582	1.7596763536161897
38832582	0.37715747456007204
38832582	0.29294241112422936
38832582	2.1059788757584004
38832582	1.738581083537906
38832582	1.0425866783593185
38832582	0.2653072256263062
38832582	0.9347748054410316
38832582	0.03302767245145593
38832582	1.7255444963086244
38832582	0.5433287139140421
38832582	1.3206123960466951
38832582	0.28871661952032573
38832582	0.2554144754505792
38832582	0.6137206052069059
38832582	0.35718361579345326
38832582	1.1189229696603853
38832582	0.4053609218269214
38832582	1.049837305933759
38832582	0.46631139138304023
38832582	0.031212398099474195
38832582	1.5475532012211464
38832582	1.8662272238083562
38832582	2.639092562367905
38832582	0.6835696730001444
38832582	2.2944690583714484
38832582	0.6026042845831948
38832582	0.35584015360844024
38832582	0.5085143211770573
38832582	0.7804696577422525
38832582	0.4389555426702918
38832582	1.0855580423435014
38832582	1.3525706082522613
38832582	0.16076415654564158
38832582	3.5222773335600124
38832582	0.19178301481568272
38832582	3.3590703533355826
38832582	1.778521472774409
38832582	0.4781848694686839
38832582	1.8371941823530429
38832582	1.0991760672417608
38832582	1.3860940948021798
38832582	0.908107910798342
38832582	0.8797562418192771
38832582	0.26779000338813536
38832582	4.58417599510764
38832582	0.09779329618991925
38832582	0.1272633529854109
38832582	1.0022483883349058
38832582	0.010691673635169041
38832582	1.3596961537252885
38832582	0.41246687629055956
38832582	1.1468597418182167
38832582	2.4903073553051294
38832582	0.6818902949285734
38832582	2.7799056641824924
38832582	4.124452240329513
38832582	3.6636895262780036
38832582	0.6382487647475986
6006840070007	1.1513446992693048
6006840070007	3.488599524480659
6006840070007	1.6235393418186346
6006840070007	0.36654013891390563
6006840070007	0.3675897910682258
6006840070007	0.29107622569472047
6006840070007	0.6400449078296643
6006840070007	0.40184827643586774
6006840070007	1.1574410198112983
6006840070007	2.064185351067834
6006840070007	0.44337517093226064
6006840070007	0.554619973152142
6006840070007	0.33019045404550385
34463199	0.5718100345091108
34463199	0.7784649412961476
34463199	1.1603369933780894
34463199	0.7927455514078485
34463199	0.4028213462372196
34463199	0.2822678369646976
34463199	0.5371577391466457
34463199	0.9182976135060252
34463199	1.1133921931686463
34463199	0.8530933516276635
34463199	1.1245998110257733
34463199	2.0654446979079295
34463199	1.8729930951586309
34463199	0.3666600242732794
34463199	0.17958833185929918
34463199	1.8787680931984838
34463199	0.17958833185929918
34463199	1.8787680931984838
34463199	0.17958833185929918
34463199	1.240942981563629
34463199	1.8787680931984838
34463199	0.17958833185929918
34463199	1.8787680931984838
34463199	0.17958833185929918
34463199	1.8787680931984838
34463199	0.17958833185929918
34463199	0.3557217980011148
34463199	0.7564826380966867
34463199	1.98359147634833
34463199	0.4028213462372196
34463199	0.4028213462372196
34463199	0.2
34463199	0.07204135801633194
34463199	0.22288849616616427
34463199	1.52978737187822
34463199	0.8137908526571178
34463199	0.32572582329668315
34463199	0.47652948782818916
34463199	0.8062664776924401
34463199	1.6763512062943877
34463199	0.6406722640342332
34463199	1.52978737187822
34463199	0.7236608326995954
34463199	1.0
34463199	0.35332202137863356
34463199	0.680477420567787
34463199	0.30459511628342795
34463199	0.9349485590321059
34463199	0.020032604044458398
34463199	0.37483530228359596
34463199	0.8395560785161676
34463199	0.8062664776924401
34463199	1.5358995226438021
34463199	1.647585058165669
34463199	0.8062664776924401
34463199	2.796701764768553
34463199	1.52978737187822
34463199	0.5677381601981651
34463199	1.1958029117336757
34463199	0.6897104547140812
34463199	0.756628777247638
34463199	1.5966014504975543
34463199	0.18885855656591966
34463199	0.38137522023179055
34463199	1.303514875115613
34463199	1.240199186421658
34463199	2.484215324569375
34463199	0.20685017492584762
34463199	1.089748298245229
34463199	0.5288929440389295
34463199	1.089748298245229
34463199	0.27130117110647967
34463199	0.6459417381648949
34463199	0.500455201487631
34463199	1.1596978435044736
34463199	0.13705234159779614
34463199	2.4649082876465953
34463199	0.10071020108921658
34463199	0.24638988954908164
34463199	1.8458531773915172
34463199	0.07489565649825503
34463199	0.388284197864662
34463199	0.8475759432594733
34463199	0.500455201487631
34463199	1.1596978435044736
34463199	0.13705234159779614
34463199	2.4649082876465953
34463199	0.10071020108921658
34463199	0.24638988954908164
34463199	1.8458531773915172
34463199	0.07489565649825503
34463199	0.388284197864662
34463199	0.8475759432594733
